27,1
27,3
51,52
51,51
51,50
51,49
51,48
51,47
51,46
51,45
51,44
51,43
51,42
51,41
51,40
51,39
51,38
51,37
51,36
51,35
3,2
3,1
3,3
10,209
10,71
10,73
10,103
10,25
10,91
10,253
10,1
10,275
10,2
10,3
11,10
11,6
11,26
11,20
11,29
11,1
11,7
11,2
11,3
9,7
9,1
9,5
9,2
9,3
8,4
8,15
8,5
8,6
8,1
8,14
8,2
8,3
12,2
12,1
12,3
20,2
20,1
20,3
19,2
19,1
19,3
49,3
49,2
49,1
49,0
48,4
48,3
48,2
48,1
48,0
47,4
47,3
18,1
47,2
18,3
47,1
47,0
46,4
46,3
14,1
46,2
14,3
46,1
13,1
13,3
46,0
44,5
44,4
44,3
44,2
44,1
44,0
41,5
41,4
41,3
41,2
41,1
