10,68
10,74
10,84
10,142
10,210
10,232
10,282
10,2
10,3
11,4
11,11
11,14
11,26
9,7
9,2
9,3
8,17
8,15
8,9
8,5
8,12
8,11
8,10
49,3
49,2
49,1
49,0
48,4
48,3
48,2
48,1
48,0
47,4
47,3
47,2
47,1
47,0
46,4
46,3
46,2
46,1
46,0
44,5
44,4
44,3
44,2
44,1
44,0
41,5
41,4
41,3
41,2
41,1
41,0
39,5
39,4
39,3
39,2
39,1
39,0
27,3
27,1
20,3
20,2
20,1
19,3
19,2
19,1
12,3
12,2
12,1
11,30
11,29
11,28
11,25
11,24
11,23
11,22
11,21
11,20
18,1
11,19
18,3
11,15
11,12
11,8
14,1
11,7
11,6
14,3
11,5
13,1
11,3
11,2
13,3
11,1
10,304
10,298
10,279
10,261
10,257
10,253
10,245
10,231
10,229
